uniprotset	nProts	setPor	febeQ	febeOR	peakInd	wFEBE
REACTOME_3_UTR_MEDIATED_TRANSLATIONAL_REGULATION	123	0.00813008	1	2.51311	267	0.250539
REACTOME_ABACAVIR_TRANSPORT_AND_METABOLISM	0	0	1	0	0	0
REACTOME_ABCA_TRANSPORTERS_IN_LIPID_HOMEOSTASIS	0	0	1	0	0	0
REACTOME_ABC_FAMILY_PROTEINS_MEDIATED_TRANSPORT	0	0	1	0	0	0
REACTOME_ABORTIVE_ELONGATION_OF_HIV1_TRANSCRIPT_IN_THE_ABSENCE_OF_TAT	27	0.037037	0.431611	40.5429	70	4.20491
REACTOME_ACETYLCHOLINE_BINDING_AND_DOWNSTREAM_EVENTS	21	0.238095	0.15711	62.1781	150	3.24177
REACTOME_ACETYLCHOLINE_NEUROTRANSMITTER_RELEASE_CYCLE	0	0	1	0	0	0
REACTOME_ACTIVATED_AMPK_STIMULATES_FATTY_ACID_OXIDATION_IN_MUSCLE	27	0.0740741	1	2.20588	102	0.787501
REACTOME_ACTIVATED_NOTCH1_TRANSMITS_SIGNAL_TO_THE_NUCLEUS	0	0	1	0	0	0
REACTOME_ACTIVATED_POINT_MUTANTS_OF_FGFR2	22	0.636364	0.727637	4.80435	3	2.97264
REACTOME_ACTIVATED_TAK1_MEDIATES_P38_MAPK_ACTIVATION	0	0	1	0	0	0
REACTOME_ACTIVATED_TLR4_SIGNALLING	127	0.0551181	1	16.9308	266	0.781578
REACTOME_ACTIVATION_OF_ATR_IN_RESPONSE_TO_REPLICATION_STRESS	48	0.25	0.284423	4.15038	10	1.43573
REACTOME_ACTIVATION_OF_BH3_ONLY_PROTEINS	23	0.173913	1	1.79085	51	0.710332
REACTOME_ACTIVATION_OF_CHAPERONES_BY_ATF6_ALPHA	0	0	1	0	0	0
REACTOME_ACTIVATION_OF_CHAPERONE_GENES_BY_ATF6_ALPHA	0	0	1	0	0	0
REACTOME_ACTIVATION_OF_CHAPERONE_GENES_BY_XBP1S	55	0.0181818	1	8.39785	186	1.33439
REACTOME_ACTIVATION_OF_GENES_BY_ATF4	30	0.0666667	1	1.13725	294	0.136705
REACTOME_ACTIVATION_OF_IRF3_IRF7_MEDIATED_BY_TBK1_IKK_EPSILON	0	0	1	0	0	0
REACTOME_ACTIVATION_OF_KAINATE_RECEPTORS_UPON_GLUTAMATE_BINDING	40	0.05	1	2.84706	85	1.11949
REACTOME_ACTIVATION_OF_NF_KAPPAB_IN_B_CELLS	77	0.012987	1	5.03556	225	0.737215
REACTOME_ACTIVATION_OF_NMDA_RECEPTOR_UPON_GLUTAMATE_BINDING_AND_POSTSYNAPTIC_EVENTS	60	0.133333	0.928097	21.3661	261	0.912989
REACTOME_ACTIVATION_OF_RAC	16	0.0625	1	4.09623	239	0.556495
REACTOME_ACTIVATION_OF_THE_AP1_FAMILY_OF_TRANSCRIPTION_FACTORS	20	0.2	1	9.6654	266	0.626712
REACTOME_ACTIVATION_OF_THE_MRNA_UPON_BINDING_OF_THE_CAP_BINDING_COMPLEX_AND_EIFS_AND_SUBSEQUENT_BINDING_TO_43S	67	0.0298507	0.144785	64.4	5	5.91767
REACTOME_ACTIVATION_OF_THE_PRE_REPLICATIVE_COMPLEX	39	0.128205	0.0206852	128.609	96	4.96229
REACTOME_ACYL_CHAIN_REMODELLING_OF_PC	0	0	1	0	0	0
REACTOME_ACYL_CHAIN_REMODELLING_OF_PE	0	0	1	0	0	0
REACTOME_ACYL_CHAIN_REMODELLING_OF_PG	0	0	1	0	0	0
REACTOME_ACYL_CHAIN_REMODELLING_OF_PI	0	0	1	0	0	0
REACTOME_ACYL_CHAIN_REMODELLING_OF_PS	0	0	1	0	0	0
REACTOME_ADAPTIVE_IMMUNE_SYSTEM	657	0.065449	1	39.5534	2	1.74675
REACTOME_ADENYLATE_CYCLASE_ACTIVATING_PATHWAY	0	0	1	0	0	0
REACTOME_ADENYLATE_CYCLASE_INHIBITORY_PATHWAY	0	0	1	0	0	0
REACTOME_ADHERENS_JUNCTIONS_INTERACTIONS	36	0.111111	1	2.70175	173	0.679902
REACTOME_ADP_SIGNALLING_THROUGH_P2RY1	28	0.0357143	0.893617	13.7123	146	2.10111
REACTOME_ADP_SIGNALLING_THROUGH_P2RY12	0	0	1	0	0	0
REACTOME_ADVANCED_GLYCOSYLATION_ENDPRODUCT_RECEPTOR_SIGNALING	16	0.125	1	4.91321	266	0.439787
REACTOME_AKT_PHOSPHORYLATES_TARGETS_IN_THE_CYTOSOL	17	0.529412	0.803593	19.875	2	4.28666
REACTOME_ALPHA_LINOLENIC_ACID_ALA_METABOLISM	18	0.0555556	1	4.15966	238	0.56881
REACTOME_AMINE_COMPOUND_SLC_TRANSPORTERS	34	0.0294118	1	5.32579	221	0.792108
REACTOME_AMINE_DERIVED_HORMONES	0	0	1	0	0	0
REACTOME_AMINE_LIGAND_BINDING_RECEPTORS	42	0.261905	1	4.44286	7	2.10571
REACTOME_AMINO_ACID_AND_OLIGOPEPTIDE_SLC_TRANSPORTERS	0	0	1	0	0	0
REACTOME_AMINO_ACID_SYNTHESIS_AND_INTERCONVERSION_TRANSAMINATION	0	0	1	0	0	0
REACTOME_AMINO_ACID_TRANSPORT_ACROSS_THE_PLASMA_MEMBRANE	0	0	1	0	0	0
REACTOME_AMYLOIDS	51	0.0588235	1	5.35252	280	0.360458
REACTOME_ANDROGEN_BIOSYNTHESIS	11	0.0909091	1	7.40816	196	1.16794
REACTOME_ANTIGEN_ACTIVATES_B_CELL_RECEPTOR_LEADING_TO_GENERATION_OF_SECOND_MESSENGERS	40	0.25	0.810288	39.0826	239	1.44669
REACTOME_ANTIGEN_PRESENTATION_FOLDING_ASSEMBLY_AND_PEPTIDE_LOADING_OF_CLASS_I_MHC	0	0	1	0	0	0
REACTOME_ANTIGEN_PROCESSING_CROSS_PRESENTATION	89	0.0224719	1	2.17476	103	0.769949
REACTOME_ANTIGEN_PROCESSING_UBIQUITINATION_PROTEASOME_DEGRADATION	257	0.0077821	0.928015	16.7308	183	1.80367
REACTOME_ANTIVIRAL_MECHANISM_BY_IFN_STIMULATED_GENES	88	0.0454545	1	9.47348	267	0.611312
REACTOME_APC_CDC20_MEDIATED_DEGRADATION_OF_NEK2A	0	0	1	0	0	0
REACTOME_APC_C_CDC20_MEDIATED_DEGRADATION_OF_CYCLIN_B	33	0.0606061	0.453925	10.6786	28	3.12587
REACTOME_APC_C_CDC20_MEDIATED_DEGRADATION_OF_MITOTIC_PROTEINS	89	0.0224719	0.453925	10.6786	28	3.12587
REACTOME_APC_C_CDH1_MEDIATED_DEGRADATION_OF_CDC20_AND_OTHER_APC_C_CDH1_TARGETED_PROTEINS_IN_LATE_MITOSIS_EARLY_G1	0	0	1	0	0	0
REACTOME_APOBEC3G_MEDIATED_RESISTANCE_TO_HIV1_INFECTION	0	0	1	0	0	0
REACTOME_APOPTOSIS	188	0.0478723	1	9.41379	298	0.304797
REACTOME_APOPTOSIS_INDUCED_DNA_FRAGMENTATION	0	0	1	0	0	0
REACTOME_APOPTOTIC_CLEAVAGE_OF_CELLULAR_PROTEINS	52	0.0576923	1	8.63137	257	0.680518
REACTOME_APOPTOTIC_CLEAVAGE_OF_CELL_ADHESION_PROTEINS	16	0.125	1	18.9244	173	2.01149
REACTOME_APOPTOTIC_EXECUTION_PHASE	70	0.0428571	1	8.63137	257	0.680518
REACTOME_AQUAPORIN_MEDIATED_TRANSPORT	0	0	1	0	0	0
REACTOME_ARMS_MEDIATED_ACTIVATION	28	0.25	1	12.7436	28	0.738644
REACTOME_ASPARAGINE_N_LINKED_GLYCOSYLATION	0	0	1	0	0	0
REACTOME_ASSEMBLY_OF_THE_PRE_REPLICATIVE_COMPLEX	0	0	1	0	0	0
REACTOME_ASSOCIATION_OF_LICENSING_FACTORS_WITH_THE_PRE_REPLICATIVE_COMPLEX	0	0	1	0	0	0
REACTOME_ASSOCIATION_OF_TRIC_CCT_WITH_TARGET_PROTEINS_DURING_BIOSYNTHESIS	0	0	1	0	0	0
REACTOME_AUTODEGRADATION_OF_CDH1_BY_CDH1_APC_C	0	0	1	0	0	0
REACTOME_AUTODEGRADATION_OF_THE_E3_UBIQUITIN_LIGASE_COP1	60	0.0333333	1	2.19932	297	0.110596
REACTOME_AXON_GUIDANCE	319	0.0752351	1	2.00388	279	0.1524
REACTOME_A_TETRASACCHARIDE_LINKER_SEQUENCE_IS_REQUIRED_FOR_GAG_SYNTHESIS	0	0	1	0	0	0
REACTOME_BASE_EXCISION_REPAIR	0	0	1	0	0	0
REACTOME_BASE_FREE_SUGAR_PHOSPHATE_REMOVAL_VIA_THE_SINGLE_NUCLEOTIDE_REPLACEMENT_PATHWAY	0	0	1	0	0	0
REACTOME_BASIGIN_INTERACTIONS	28	0.0357143	0.528875	30.9535	86	3.65758
REACTOME_BETA_DEFENSINS	35	0.0571429	1	15.3333	190	1.66403
REACTOME_BILE_ACID_AND_BILE_SALT_METABOLISM	0	0	1	0	0	0
REACTOME_BILE_SALT_AND_ORGANIC_ANION_SLC_TRANSPORTERS	0	0	1	0	0	0
REACTOME_BINDING_AND_ENTRY_OF_HIV_VIRION	5	0.2	0.206687	98.3333	33	5.95564
REACTOME_BIOLOGICAL_OXIDATIONS	151	0.00662252	1	7.40816	196	1.16794
REACTOME_BIOSYNTHESIS_OF_THE_N_GLYCAN_PRECURSOR_DOLICHOL_LIPID_LINKED_OLIGOSACCHARIDE_LLO_AND_TRANSFER_TO_A_NASCENT_PROTEIN	0	0	1	0	0	0
REACTOME_BMAL1_CLOCK_NPAS2_ACTIVATES_CIRCADIAN_EXPRESSION	44	0.136364	0.831074	25.0393	234	1.34159
REACTOME_BOTULINUM_NEUROTOXICITY	0	0	1	0	0	0
REACTOME_BRANCHED_CHAIN_AMINO_ACID_CATABOLISM	21	0.0952381	1	2.02778	108	0.6851
REACTOME_CALNEXIN_CALRETICULIN_CYCLE	0	0	1	0	0	0
REACTOME_CASPASE_MEDIATED_CLEAVAGE_OF_CYTOSKELETAL_PROTEINS	18	0.0555556	1	3.03891	257	0.35093
REACTOME_CA_DEPENDENT_EVENTS	43	0.0697674	1	12.9391	232	1.08901
REACTOME_CD28_CO_STIMULATION	43	0.348837	0.903049	2.44103	289	0.537449
REACTOME_CD28_DEPENDENT_PI3K_AKT_SIGNALING	29	0.37931	0.931053	15.5161	36	0.752939
REACTOME_CD28_DEPENDENT_VAV1_PATHWAY	17	0.235294	0.970749	24.6404	206	1.72834
REACTOME_CDC6_ASSOCIATION_WITH_THE_ORC_ORIGIN_COMPLEX	0	0	1	0	0	0
REACTOME_CDK_MEDIATED_PHOSPHORYLATION_AND_REMOVAL_OF_CDC6	59	0.0169492	0.516717	31.9524	84	3.7218
REACTOME_CDT1_ASSOCIATION_WITH_THE_CDC6_ORC_ORIGIN_COMPLEX	0	0	1	0	0	0
REACTOME_CELL_CELL_COMMUNICATION	147	0.0680272	1	12.8481	292	0.414251
REACTOME_CELL_CELL_JUNCTION_ORGANIZATION	66	0.0606061	1	2.70175	173	0.679902
REACTOME_CELL_CYCLE	493	0.0567951	0.485717	1.91967	2	2.4541
REACTOME_CELL_CYCLE_CHECKPOINTS	155	0.129032	0.60352	2.05475	2	2.99584
REACTOME_CELL_CYCLE_MITOTIC	403	0.0421836	0.0638492	5.51515	2	3.25621
REACTOME_CELL_DEATH_SIGNALLING_VIA_NRAGE_NRIF_AND_NADE	85	0.0235294	1	5.01136	265	0.452319
REACTOME_CELL_EXTRACELLULAR_MATRIX_INTERACTIONS	19	0.0526316	1	2.26471	272	0.204321
REACTOME_CELL_JUNCTION_ORGANIZATION	94	0.0531915	1	1.34211	292	0.300546
REACTOME_CELL_SURFACE_INTERACTIONS_AT_THE_VASCULAR_WALL	104	0.134615	1	24.7276	281	0.675217
REACTOME_CGMP_EFFECTS	26	0.0384615	0.705167	20.3739	115	2.82861
REACTOME_CHEMOKINE_RECEPTORS_BIND_CHEMOKINES	54	0.166667	1	5.74419	309	0.153319
REACTOME_CHOLESTEROL_BIOSYNTHESIS	28	0.0357143	0.255319	77	41	5.48582
REACTOME_CHONDROITIN_SULFATE_BIOSYNTHESIS	0	0	1	0	0	0
REACTOME_CHONDROITIN_SULFATE_DERMATAN_SULFATE_METABOLISM	0	0	1	0	0	0
REACTOME_CHROMOSOME_MAINTENANCE	118	0.0508475	0.557606	5.26786	10	2.56573
REACTOME_CHYLOMICRON_MEDIATED_LIPID_TRANSPORT	0	0	1	0	0	0
REACTOME_CIRCADIAN_CLOCK	70	0.114286	0.972943	33.5419	234	1.46337
REACTOME_CIRCADIAN_REPRESSION_OF_EXPRESSION_BY_REV_ERBA	30	0.2	0.831074	25.0393	234	1.34159
REACTOME_CITRIC_ACID_CYCLE_TCA_CYCLE	0	0	1	0	0	0
REACTOME_CLASS_A1_RHODOPSIN_LIKE_RECEPTORS	326	0.128834	1	3.07692	9	1.57713
REACTOME_CLASS_B_2_SECRETIN_FAMILY_RECEPTORS	105	0.00952381	1	7.6943	193	1.21689
REACTOME_CLASS_C_3_METABOTROPIC_GLUTAMATE_PHEROMONE_RECEPTORS	20	0.2	0.590482	35.5805	14	2.76554
REACTOME_CLASS_I_MHC_MEDIATED_ANTIGEN_PROCESSING_PRESENTATION	302	0.013245	1	2.18627	103	0.775183
REACTOME_CLEAVAGE_OF_GROWING_TRANSCRIPT_IN_THE_TERMINATION_REGION_	0	0	1	0	0	0
REACTOME_COLLAGEN_FORMATION	0	0	1	0	0	0
REACTOME_COMMON_PATHWAY	0	0	1	0	0	0
REACTOME_COMPLEMENT_CASCADE	0	0	1	0	0	0
REACTOME_CONVERSION_FROM_APC_C_CDC20_TO_APC_C_CDH1_IN_LATE_ANAPHASE	0	0	1	0	0	0
REACTOME_COPI_MEDIATED_TRANSPORT	0	0	1	0	0	0
REACTOME_COSTIMULATION_BY_THE_CD28_FAMILY	77	0.194805	0.903049	2.44103	289	0.537449
REACTOME_CREATION_OF_C4_AND_C2_ACTIVATORS	0	0	1	0	0	0
REACTOME_CREB_PHOSPHORYLATION_THROUGH_THE_ACTIVATION_OF_CAMKII	26	0.192308	0.76984	4.35542	85	1.57437
REACTOME_CREB_PHOSPHORYLATION_THROUGH_THE_ACTIVATION_OF_RAS	44	0.181818	0.928097	21.3661	261	0.912989
REACTOME_CRMPS_IN_SEMA3A_SIGNALING	18	0.111111	0.697235	10.2759	29	3.06491
REACTOME_CROSS_PRESENTATION_OF_SOLUBLE_EXOGENOUS_ANTIGENS_ENDOSOMES	0	0	1	0	0	0
REACTOME_CS_DS_DEGRADATION	0	0	1	0	0	0
REACTOME_CTLA4_INHIBITORY_SIGNALING	24	0.333333	1	4.235	18	1.19664
REACTOME_CTNNB1_PHOSPHORYLATION_CASCADE	18	0.0555556	1	9.85549	173	1.56518
REACTOME_CYCLIN_A_B1_ASSOCIATED_EVENTS_DURING_G2_M_TRANSITION	24	0.291667	0.233733	5.77703	39	2.23038
REACTOME_CYCLIN_E_ASSOCIATED_EVENTS_DURING_G1_S_TRANSITION_	81	0.0987654	0.220942	5.02083	2	4.48264
REACTOME_CYTOCHROME_P450_ARRANGED_BY_SUBSTRATE_TYPE	59	0.0169492	1	7.40816	196	1.16794
REACTOME_CYTOKINE_SIGNALING_IN_IMMUNE_SYSTEM	345	0.101449	0.452124	56.8814	287	0.744241
REACTOME_CYTOSOLIC_SULFONATION_OF_SMALL_MOLECULES	0	0	1	0	0	0
REACTOME_CYTOSOLIC_TRNA_AMINOACYLATION	0	0	1	0	0	0
REACTOME_DAG_AND_IP3_SIGNALING	44	0.0681818	0.721745	5.7619	85	1.87379
REACTOME_DARPP_32_EVENTS	34	0.0294118	0.522796	31.4471	85	3.68956
REACTOME_DCC_MEDIATED_ATTRACTIVE_SIGNALING	21	0.142857	0.994995	18.5392	206	1.57489
REACTOME_DEADENYLATION_DEPENDENT_MRNA_DECAY	55	0.0181818	1	2.51311	267	0.250539
REACTOME_DEADENYLATION_OF_MRNA	25	0.04	1	2.51311	267	0.250539
REACTOME_DEFENSINS	43	0.0465116	1	15.3333	190	1.66403
REACTOME_DEGRADATION_OF_THE_EXTRACELLULAR_MATRIX	36	0.166667	1	3.6	17	1.75251
REACTOME_DEPOSITION_OF_NEW_CENPA_CONTAINING_NUCLEOSOMES_AT_THE_CENTROMERE	46	0.0217391	1	1.88571	280	0.136293
REACTOME_DESTABILIZATION_OF_MRNA_BY_AUF1_HNRNP_D0	0	0	1	0	0	0
REACTOME_DESTABILIZATION_OF_MRNA_BY_BRF1	20	0.05	1	1.48443	289	0.0692897
REACTOME_DESTABILIZATION_OF_MRNA_BY_KSRP	21	0.047619	1	1.48443	289	0.0692897
REACTOME_DESTABILIZATION_OF_MRNA_BY_TRISTETRAPROLIN_TTP	0	0	1	0	0	0
REACTOME_DEVELOPMENTAL_BIOLOGY	503	0.0934394	0.994188	1.15161	289	0.0247606
REACTOME_DIABETES_PATHWAYS	162	0.0493827	1	9.59582	294	0.347064
REACTOME_DIGESTION_OF_DIETARY_CARBOHYDRATE	0	0	1	0	0	0
REACTOME_DNA_REPAIR	141	0.0780142	0.482931	3.52311	29	1.83734
REACTOME_DNA_REPLICATION	232	0.0387931	0.00564616	20.764	2	4.28666
REACTOME_DNA_STRAND_ELONGATION	40	0.075	0.0776127	103.747	77	5.12956
REACTOME_DOPAMINE_NEUROTRANSMITTER_RELEASE_CYCLE	0	0	1	0	0	0
REACTOME_DOUBLE_STRAND_BREAK_REPAIR	35	0.257143	0.550298	5.42593	29	2.2248
REACTOME_DOWNREGULATION_OF_ERBB2_ERBB3_SIGNALING	23	0.26087	0.598578	8	20	2.81763
REACTOME_DOWNREGULATION_OF_SMAD2_3_SMAD4_TRANSCRIPTIONAL_ACTIVITY	30	0.0666667	1	8.4721	234	0.890147
REACTOME_DOWNREGULATION_OF_TGF_BETA_RECEPTOR_SIGNALING	0	0	1	0	0	0
REACTOME_DOWNSTREAM_SIGNALING_EVENTS_OF_B_CELL_RECEPTOR_BCR	117	0.205128	0.919563	26.2909	2	2.70308
REACTOME_DOWNSTREAM_SIGNALING_OF_ACTIVATED_FGFR	137	0.357664	0.488108	58.996	3	2.54097
REACTOME_DOWNSTREAM_SIGNAL_TRANSDUCTION	127	0.283465	0.940871	3.8447	2	2.0431
REACTOME_DOWNSTREAM_TCR_SIGNALING	45	0.111111	1	8.65343	281	0.454216
REACTOME_DSCAM_INTERACTIONS	0	0	1	0	0	0
REACTOME_E2F_ENABLED_INHIBITION_OF_PRE_REPLICATION_COMPLEX_FORMATION	15	0.2	0.240053	15.1579	39	3.45708
REACTOME_E2F_MEDIATED_REGULATION_OF_DNA_REPLICATION	43	0.116279	0.0467993	18.7368	60	3.45678
REACTOME_EARLY_PHASE_OF_HIV_LIFE_CYCLE	21	0.047619	0.206687	98.3333	33	5.95564
REACTOME_EFFECTS_OF_PIP2_HYDROLYSIS	0	0	1	0	0	0
REACTOME_EGFR_DOWNREGULATION	36	0.166667	1	1.93133	42	0.366541
REACTOME_EICOSANOID_LIGAND_BINDING_RECEPTORS	17	0.0588235	1	1.97842	278	0.152589
REACTOME_ELEVATION_OF_CYTOSOLIC_CA2_LEVELS	0	0	1	0	0	0
REACTOME_ELONGATION_ARREST_AND_RECOVERY	35	0.0285714	0.431611	40.5429	70	4.20491
REACTOME_ENDOGENOUS_STEROLS	19	0.0526316	1	7.40816	196	1.16794
REACTOME_ENDOSOMAL_SORTING_COMPLEX_REQUIRED_FOR_TRANSPORT_ESCRT	0	0	1	0	0	0
REACTOME_ENDOSOMAL_VACUOLAR_PATHWAY	10	0.1	0.632219	24.0291	103	3.15075
REACTOME_ENERGY_DEPENDENT_REGULATION_OF_MTOR_BY_LKB1_AMPK	28	0.142857	1	4.41667	61	1.74563
REACTOME_ENOS_ACTIVATION_AND_REGULATION	25	0.2	1	1.8986	86	0.669552
REACTOME_ERKS_ARE_INACTIVATED	15	0.133333	1	4.91321	266	0.439787
REACTOME_ERK_MAPK_TARGETS	28	0.0714286	1	4.91321	266	0.439787
REACTOME_ER_PHAGOSOME_PATHWAY	0	0	1	0	0	0
REACTOME_ETHANOL_OXIDATION	0	0	1	0	0	0
REACTOME_EXTENSION_OF_TELOMERES	36	0.0833333	0.423295	15.8	10	3.86082
REACTOME_EXTRACELLULAR_MATRIX_ORGANIZATION	111	0.0540541	1	3.6	17	1.75251
REACTOME_EXTRINSIC_PATHWAY_FOR_APOPTOSIS	0	0	1	0	0	0
REACTOME_FACILITATIVE_NA_INDEPENDENT_GLUCOSE_TRANSPORTERS	0	0	1	0	0	0
REACTOME_FACTORS_INVOLVED_IN_MEGAKARYOCYTE_DEVELOPMENT_AND_PLATELET_PRODUCTION	152	0.0328947	1	1.7603	90	0.592648
REACTOME_FANCONI_ANEMIA_PATHWAY	23	0.173913	0.948299	5.125	29	1.6108
REACTOME_FATTY_ACID_TRIACYLGLYCEROL_AND_KETONE_BODY_METABOLISM	220	0.0909091	1	1.83486	118	0.561601
REACTOME_FATTY_ACYL_COA_BIOSYNTHESIS	0	0	1	0	0	0
REACTOME_FGFR1_LIGAND_BINDING_AND_ACTIVATION	18	0.666667	0.789934	23.1992	27	1.0671
REACTOME_FGFR2C_LIGAND_BINDING_AND_ACTIVATION	17	0.647059	1	21.2022	277	0.696412
REACTOME_FGFR4_LIGAND_BINDING_AND_ACTIVATION	16	0.5	1	3.64929	217	0.635784
REACTOME_FGFR_LIGAND_BINDING_AND_ACTIVATION	31	0.548387	0.844881	33.4138	3	2.662
REACTOME_FORMATION_OF_ATP_BY_CHEMIOSMOTIC_COUPLING	0	0	1	0	0	0
REACTOME_FORMATION_OF_FIBRIN_CLOT_CLOTTING_CASCADE	0	0	1	0	0	0
REACTOME_FORMATION_OF_INCISION_COMPLEX_IN_GG_NER	24	0.0833333	0.1317	69.3553	10	4.83485
REACTOME_FORMATION_OF_RNA_POL_II_ELONGATION_COMPLEX_	49	0.0204082	0.431611	40.5429	70	4.20491
REACTOME_FORMATION_OF_THE_HIV1_EARLY_ELONGATION_COMPLEX	38	0.0263158	0.431611	40.5429	70	4.20491
REACTOME_FORMATION_OF_THE_TERNARY_COMPLEX_AND_SUBSEQUENTLY_THE_43S_COMPLEX	0	0	1	0	0	0
REACTOME_FORMATION_OF_TRANSCRIPTION_COUPLED_NER_TC_NER_REPAIR_COMPLEX	0	0	1	0	0	0
REACTOME_FORMATION_OF_TUBULIN_FOLDING_INTERMEDIATES_BY_CCT_TRIC	0	0	1	0	0	0
REACTOME_FRS2_MEDIATED_CASCADE	55	0.454545	0.704472	48.2314	3	2.04488
REACTOME_G0_AND_EARLY_G1	35	0.142857	0.0105283	155.55	84	5.4222
REACTOME_G1_PHASE	42	0.0714286	0.163134	81	2	6.30131
REACTOME_G1_S_SPECIFIC_TRANSCRIPTION	25	0.16	0.00870996	192.772	60	6.20642
REACTOME_G1_S_TRANSITION	137	0.10219	0.0232996	6.55172	2	3.56776
REACTOME_G2_M_CHECKPOINTS	57	0.298246	0.550287	2.22722	10	0.88862
REACTOME_G2_M_DNA_DAMAGE_CHECKPOINT	14	0.571429	0.876439	2.76957	53	0.65943
REACTOME_GAB1_SIGNALOSOME	47	0.531915	0.982057	6.29167	2	2.63731
REACTOME_GABA_A_RECEPTOR_ACTIVATION	14	0.142857	0.211283	71.7973	75	4.76027
REACTOME_GABA_B_RECEPTOR_ACTIVATION	48	0.0625	0.392852	11.1429	14	3.33005
REACTOME_GABA_RECEPTOR_ACTIVATION	64	0.078125	0.311547	44.5145	177	2.53004
REACTOME_GABA_SYNTHESIS_RELEASE_REUPTAKE_AND_DEGRADATION	0	0	1	0	0	0
REACTOME_GAMMA_CARBOXYLATION_TRANSPORT_AND_AMINO_TERMINAL_CLEAVAGE_OF_PROTEINS	0	0	1	0	0	0
REACTOME_GAP_JUNCTION_ASSEMBLY	0	0	1	0	0	0
REACTOME_GAP_JUNCTION_DEGRADATION	0	0	1	0	0	0
REACTOME_GAP_JUNCTION_TRAFFICKING	0	0	1	0	0	0
REACTOME_GASTRIN_CREB_SIGNALLING_PATHWAY_VIA_PKC_AND_MAPK	244	0.114754	0.998385	122.63	0	6.93816
REACTOME_GENERATION_OF_SECOND_MESSENGER_MOLECULES	32	0.0625	0.653903	21.1288	164	2.20726
REACTOME_GENERIC_TRANSCRIPTION_PATHWAY	430	0.0348837	0.646998	2.01711	48	0.956747
REACTOME_GLOBAL_GENOMIC_NER_GG_NER	41	0.0487805	0.1317	69.3553	10	4.83485
REACTOME_GLUCAGON_SIGNALING_IN_METABOLIC_REGULATION	0	0	1	0	0	0
REACTOME_GLUCAGON_TYPE_LIGAND_RECEPTORS	0	0	1	0	0	0
REACTOME_GLUCONEOGENESIS	45	0.0222222	1	3.09375	256	0.361529
REACTOME_GLUCOSE_METABOLISM	83	0.0361446	1	8.7874	256	0.695705
REACTOME_GLUCOSE_TRANSPORT	44	0.0454545	0.821225	3.60563	71	1.45096
REACTOME_GLUCURONIDATION	0	0	1	0	0	0
REACTOME_GLUTAMATE_NEUROTRANSMITTER_RELEASE_CYCLE	0	0	1	0	0	0
REACTOME_GLUTATHIONE_CONJUGATION	0	0	1	0	0	0
REACTOME_GLYCEROPHOSPHOLIPID_BIOSYNTHESIS	96	0.0104167	0.334347	55.8148	54	4.85018
REACTOME_GLYCOGEN_BREAKDOWN_GLYCOGENOLYSIS	17	0.0588235	0.522796	31.4471	85	3.68956
REACTOME_GLYCOLYSIS	35	0.0571429	1	5.92941	256	0.569775
REACTOME_GLYCOPROTEIN_HORMONES	0	0	1	0	0	0
REACTOME_GLYCOSAMINOGLYCAN_METABOLISM	127	0.00787402	0.486322	34.6709	79	3.88727
REACTOME_GLYCOSPHINGOLIPID_METABOLISM	0	0	1	0	0	0
REACTOME_GOLGI_ASSOCIATED_VESICLE_BIOGENESIS	0	0	1	0	0	0
REACTOME_GPCR_DOWNSTREAM_SIGNALING	863	0.0625724	1	1.90233	9	1.13923
REACTOME_GPCR_LIGAND_BINDING	451	0.104213	1	2.29175	9	1.38258
REACTOME_GPVI_MEDIATED_ACTIVATION_CASCADE	46	0.26087	1	3.04569	206	0.600706
REACTOME_GRB2_EVENTS_IN_ERBB2_SIGNALING	46	0.326087	0.963912	246.714	0	7.9467
REACTOME_GRB2_SOS_PROVIDES_LINKAGE_TO_MAPK_SIGNALING_FOR_INTERGRINS_	20	0.15	0.994995	11.6414	239	0.968714
REACTOME_GROWTH_HORMONE_RECEPTOR_SIGNALING	29	0.310345	1	21.8682	266	0.852274
REACTOME_G_ALPHA1213_SIGNALLING_EVENTS	104	0.0384615	1	6.93165	281	0.407519
REACTOME_G_ALPHA_I_SIGNALLING_EVENTS	228	0.114035	1	3.16304	7	2.0009
REACTOME_G_ALPHA_Q_SIGNALLING_EVENTS	208	0.0817308	1	1.29484	9	1.04389
REACTOME_G_ALPHA_S_SIGNALLING_EVENTS	145	0.0344828	1	1.00515	312	0.0726318
REACTOME_G_ALPHA_Z_SIGNALLING_EVENTS	0	0	1	0	0	0
REACTOME_G_BETA_GAMMA_SIGNALLING_THROUGH_PI3KGAMMA	30	0.2	0.918907	3.4555	18	1.66448
REACTOME_G_BETA_GAMMA_SIGNALLING_THROUGH_PLC_BETA	0	0	1	0	0	0
REACTOME_G_PROTEIN_ACTIVATION	31	0.0322581	1	7.40816	196	1.16794
REACTOME_G_PROTEIN_BETA_GAMMA_SIGNALLING	35	0.171429	0.918907	3.4555	18	1.66448
REACTOME_HDL_MEDIATED_LIPID_TRANSPORT	0	0	1	0	0	0
REACTOME_HEMOSTASIS	575	0.0765217	1	2.72761	310	0.0836022
REACTOME_HEPARAN_SULFATE_HEPARIN_HS_GAG_METABOLISM	0	0	1	0	0	0
REACTOME_HIGHLY_CALCIUM_PERMEABLE_POSTSYNAPTIC_NICOTINIC_ACETYLCHOLINE_RECEPTORS	17	0.294118	0.15711	62.1781	150	3.24177
REACTOME_HIV_INFECTION	246	0.0650407	0.897844	2.219	123	0.478415
REACTOME_HIV_LIFE_CYCLE	141	0.0992908	0.899264	2.28736	123	0.747411
REACTOME_HOMOLOGOUS_RECOMBINATION_REPAIR_OF_REPLICATION_INDEPENDENT_DOUBLE_STRAND_BREAKS	23	0.347826	0.323877	6.53333	29	2.46914
REACTOME_HORMONE_LIGAND_BINDING_RECEPTORS	0	0	1	0	0	0
REACTOME_HORMONE_SENSITIVE_LIPASE_HSL_MEDIATED_TRIACYLGLYCEROL_HYDROLYSIS	20	0.1	0.138669	39.875	8	5.18811
REACTOME_HOST_INTERACTIONS_OF_HIV_FACTORS	158	0.0126582	1	12.4976	206	1.36219
REACTOME_HS_GAG_BIOSYNTHESIS	0	0	1	0	0	0
REACTOME_HS_GAG_DEGRADATION	0	0	1	0	0	0
REACTOME_HYALURONAN_METABOLISM	15	0.0666667	0.486322	34.6709	79	3.88727
REACTOME_HYALURONAN_UPTAKE_AND_DEGRADATION	10	0.1	0.486322	34.6709	79	3.88727
REACTOME_IKK_COMPLEX_RECRUITMENT_MEDIATED_BY_RIP1	0	0	1	0	0	0
REACTOME_IL1_SIGNALING	55	0.0181818	1	2.12	275	0.177932
REACTOME_IL_2_SIGNALING	59	0.271186	1	28.4474	281	0.704713
REACTOME_IL_3_5_AND_GM_CSF_SIGNALING	56	0.25	1	5.03965	281	0.675217
REACTOME_IL_6_SIGNALING	14	0.571429	1	11.8607	287	0.455505
REACTOME_IL_7_SIGNALING	15	0.133333	1	17.7966	178	1.90633
REACTOME_IL_RECEPTOR_SHC_SIGNALING	32	0.3125	1	3.42857	281	0.601873
REACTOME_IMMUNE_SYSTEM	1124	0.0622776	0.221507	71.7872	2	0.891647
REACTOME_IMMUNOREGULATORY_INTERACTIONS_BETWEEN_A_LYMPHOID_AND_A_NON_LYMPHOID_CELL	78	0.0128205	0.826748	15.7259	135	2.34396
REACTOME_INCRETIN_SYNTHESIS_SECRETION_AND_INACTIVATION	27	0.0740741	1	11.2394	214	1.22008
REACTOME_INFLAMMASOMES	21	0.190476	0.106692	16.898	51	3.4465
REACTOME_INFLUENZA_LIFE_CYCLE	160	0.0125	1	3.67143	70	1.47712
REACTOME_INFLUENZA_VIRAL_RNA_TRANSCRIPTION_AND_REPLICATION	117	0.017094	1	3.67143	70	1.47712
REACTOME_INHIBITION_OF_INSULIN_SECRETION_BY_ADRENALINE_NORADRENALINE	0	0	1	0	0	0
REACTOME_INHIBITION_OF_REPLICATION_INITIATION_OF_DAMAGED_DNA_BY_RB1_E2F1	0	0	1	0	0	0
REACTOME_INHIBITION_OF_THE_PROTEOLYTIC_ACTIVITY_OF_APC_C_REQUIRED_FOR_THE_ONSET_OF_ANAPHASE_BY_MITOTIC_SPINDLE_CHECKPOINT_COMPONENTS	0	0	1	0	0	0
REACTOME_INHIBITION_OF_VOLTAGE_GATED_CA2_CHANNELS_VIA_GBETA_GAMMA_SUBUNITS	29	0.103448	0.392852	11.1429	14	3.33005
REACTOME_INITIAL_TRIGGERING_OF_COMPLEMENT	0	0	1	0	0	0
REACTOME_INNATE_IMMUNE_SYSTEM	325	0.0461538	0.857326	3.37549	11	0.943742
REACTOME_INSULIN_RECEPTOR_RECYCLING	27	0.037037	1	8.82418	182	1.40363
REACTOME_INSULIN_RECEPTOR_SIGNALLING_CASCADE	125	0.336	0.683929	7.82573	5	1.79503
REACTOME_INSULIN_SYNTHESIS_AND_PROCESSING	26	0.0384615	1	8.82418	182	1.40363
REACTOME_INTEGRATION_OF_ENERGY_METABOLISM	154	0.0324675	1	15.8988	251	0.946158
REACTOME_INTEGRATION_OF_PROVIRUS	0	0	1	0	0	0
REACTOME_INTEGRIN_ALPHAIIB_BETA3_SIGNALING	37	0.243243	1	1.30687	239	0.105623
REACTOME_INTEGRIN_CELL_SURFACE_INTERACTIONS	106	0.0943396	1	1.5	239	0.16002
REACTOME_INTERACTIONS_OF_VPR_WITH_HOST_CELLULAR_PROTEINS	0	0	1	0	0	0
REACTOME_INTERACTION_BETWEEN_L1_AND_ANKYRINS	0	0	1	0	0	0
REACTOME_INTERFERON_ALPHA_BETA_SIGNALING	70	0.0571429	1	2.38674	183	0.556949
REACTOME_INTERFERON_GAMMA_SIGNALING	80	0.075	0.629808	26.1814	231	1.40312
REACTOME_INTERFERON_SIGNALING	191	0.052356	0.94672	2.13158	79	0.829728
REACTOME_INTRINSIC_PATHWAY	0	0	1	0	0	0
REACTOME_INTRINSIC_PATHWAY_FOR_APOPTOSIS	40	0.15	1	6.24573	298	0.249024
REACTOME_INWARDLY_RECTIFYING_K_CHANNELS	35	0.0857143	0.392852	11.1429	14	3.33005
REACTOME_IONOTROPIC_ACTIVITY_OF_KAINATE_RECEPTORS	17	0.117647	1	2.84706	85	1.11949
REACTOME_ION_CHANNEL_TRANSPORT	70	0.0285714	0.211283	71.7973	75	4.76027
REACTOME_ION_TRANSPORT_BY_P_TYPE_ATPASES	0	0	1	0	0	0
REACTOME_IRAK1_RECRUITS_IKK_COMPLEX	0	0	1	0	0	0
REACTOME_IRAK2_MEDIATED_ACTIVATION_OF_TAK1_COMPLEX_UPON_TLR7_8_OR_9_STIMULATION	0	0	1	0	0	0
REACTOME_IRON_UPTAKE_AND_TRANSPORT	0	0	1	0	0	0
REACTOME_JNK_C_JUN_KINASES_PHOSPHORYLATION_AND_ACTIVATION_MEDIATED_BY_ACTIVATED_HUMAN_TAK1	0	0	1	0	0	0
REACTOME_KERATAN_SULFATE_BIOSYNTHESIS	0	0	1	0	0	0
REACTOME_KERATAN_SULFATE_DEGRADATION	0	0	1	0	0	0
REACTOME_KERATAN_SULFATE_KERATIN_METABOLISM	0	0	1	0	0	0
REACTOME_KINESINS	0	0	1	0	0	0
REACTOME_L1CAM_INTERACTIONS	117	0.0769231	1	1.69697	29	0.29808
REACTOME_LAGGING_STRAND_SYNTHESIS	25	0.08	0.1317	69.3553	10	4.83485
REACTOME_LATENT_INFECTION_OF_HOMO_SAPIENS_WITH_MYCOBACTERIUM_TUBERCULOSIS	39	0.0512821	0.392357	13.2174	23	3.464
REACTOME_LATE_PHASE_OF_HIV_LIFE_CYCLE	120	0.108333	0.976471	1.98433	123	0.619035
REACTOME_LIGAND_GATED_ION_CHANNEL_TRANSPORT	23	0.0869565	0.211283	71.7973	75	4.76027
REACTOME_LIPID_DIGESTION_MOBILIZATION_AND_TRANSPORT	59	0.0338983	0.138669	39.875	8	5.18811
REACTOME_LIPOPROTEIN_METABOLISM	0	0	1	0	0	0
REACTOME_LOSS_OF_NLP_FROM_MITOTIC_CENTROSOMES	75	0.0266667	0.675069	10.6786	28	3.12587
REACTOME_LYSOSOME_VESICLE_BIOGENESIS	0	0	1	0	0	0
REACTOME_MAPK_TARGETS_NUCLEAR_EVENTS_MEDIATED_BY_MAP_KINASES	45	0.111111	1	12.0687	266	0.688059
REACTOME_MAP_KINASE_ACTIVATION_IN_TLR_CASCADE	71	0.084507	1	14.4904	28	0.983774
REACTOME_MEIOSIS	94	0.106383	0.425104	4.08333	29	2.01752
REACTOME_MEIOTIC_RECOMBINATION	58	0.155172	0.319289	5.42593	29	2.2248
REACTOME_MEIOTIC_SYNAPSIS	58	0.0517241	0.942786	5.12069	29	2.14864
REACTOME_MEMBRANE_BINDING_AND_TARGETTING_OF_GAG_PROTEINS	0	0	1	0	0	0
REACTOME_MEMBRANE_TRAFFICKING	168	0.00595238	0.893617	13.7123	146	2.10111
REACTOME_METABOLISM_OF_AMINO_ACIDS_AND_DERIVATIVES	236	0.0127119	1	8.47656	258	0.665432
REACTOME_METABOLISM_OF_CARBOHYDRATES	283	0.0212014	0.950796	2.89157	85	1.13608
REACTOME_METABOLISM_OF_LIPIDS_AND_LIPOPROTEINS	589	0.049236	0.833838	2.01923	108	0.67851
REACTOME_METABOLISM_OF_MRNA	251	0.00796813	1	2.84375	289	0.183318
REACTOME_METABOLISM_OF_NON_CODING_RNA	0	0	1	0	0	0
REACTOME_METABOLISM_OF_NUCLEOTIDES	0	0	1	0	0	0
REACTOME_METABOLISM_OF_POLYAMINES	0	0	1	0	0	0
REACTOME_METABOLISM_OF_PORPHYRINS	0	0	1	0	0	0
REACTOME_METABOLISM_OF_PROTEINS	519	0.00385356	0.144785	64.4	5	5.91767
REACTOME_METABOLISM_OF_RNA	308	0.00649351	1	2.84375	289	0.183318
REACTOME_METABOLISM_OF_STEROID_HORMONES_AND_VITAMINS_A_AND_D	40	0.05	1	14.2154	196	1.54805
REACTOME_METABOLISM_OF_VITAMINS_AND_COFACTORS	0	0	1	0	0	0
REACTOME_METAL_ION_SLC_TRANSPORTERS	0	0	1	0	0	0
REACTOME_MHC_CLASS_II_ANTIGEN_PRESENTATION	111	0.00900901	0.632219	24.0291	103	3.15075
REACTOME_MICRORNA_MIRNA_BIOGENESIS	0	0	1	0	0	0
REACTOME_MITOCHONDRIAL_FATTY_ACID_BETA_OXIDATION	18	0.222222	0.286989	9.34177	170	2.55059
REACTOME_MITOCHONDRIAL_PROTEIN_IMPORT	0	0	1	0	0	0
REACTOME_MITOCHONDRIAL_TRNA_AMINOACYLATION	0	0	1	0	0	0
REACTOME_MITOTIC_G1_G1_S_PHASES	167	0.0898204	0.0199968	6.82759	2	3.4569
REACTOME_MITOTIC_G2_G2_M_PHASES	108	0.0833333	0.454825	3.75	39	1.7058
REACTOME_MITOTIC_M_M_G1_PHASES	207	0.0241546	0.0206852	128.609	96	4.96229
REACTOME_MITOTIC_PROMETAPHASE	0	0	1	0	0	0
REACTOME_MRNA_3_END_PROCESSING	0	0	1	0	0	0
REACTOME_MRNA_CAPPING	35	0.0285714	0.431611	40.5429	70	4.20491
REACTOME_MRNA_DECAY_BY_3_TO_5_EXORIBONUCLEASE	0	0	1	0	0	0
REACTOME_MRNA_DECAY_BY_5_TO_3_EXORIBONUCLEASE	0	0	1	0	0	0
REACTOME_MRNA_PROCESSING	196	0.0102041	1	3.67143	70	1.47712
REACTOME_MRNA_SPLICING	136	0.00735294	0.431611	40.5429	70	4.20491
REACTOME_MRNA_SPLICING_MINOR_PATHWAY	51	0.0196078	0.431611	40.5429	70	4.20491
REACTOME_MTORC1_MEDIATED_SIGNALLING	15	0.4	0.552705	5.87234	5	3.61327
REACTOME_MUSCLE_CONTRACTION	69	0.0434783	1	8.63137	257	0.680518
REACTOME_MYD88_MAL_CASCADE_INITIATED_ON_PLASMA_MEMBRANE	112	0.0625	1	16.9308	266	0.781578
REACTOME_MYOGENESIS	40	0.05	0.954593	18.9244	173	2.01149
REACTOME_M_G1_TRANSITION	98	0.0510204	0.0206852	128.609	96	4.96229
REACTOME_NA_CL_DEPENDENT_NEUROTRANSMITTER_TRANSPORTERS	21	0.047619	1	5.32579	221	0.792108
REACTOME_NCAM1_INTERACTIONS	51	0.0196078	0.601824	25.8163	98	3.29313
REACTOME_NCAM_SIGNALING_FOR_NEURITE_OUT_GROWTH	88	0.147727	1	24.0412	279	0.697179
REACTOME_NEF_MEDIATED_DOWNREGULATION_OF_MHC_CLASS_I_COMPLEX_CELL_SURFACE_EXPRESSION	0	0	1	0	0	0
REACTOME_NEF_MEDIATES_DOWN_MODULATION_OF_CELL_SURFACE_RECEPTORS_BY_RECRUITING_THEM_TO_CLATHRIN_ADAPTERS	33	0.030303	1	11	164	1.73497
REACTOME_NEGATIVE_REGULATION_OF_FGFR_SIGNALING	49	0.44898	0.880455	44.0273	3	2.24994
REACTOME_NEGATIVE_REGULATION_OF_THE_PI3K_AKT_NETWORK	8	0.5	1	5.68519	18	2.37003
REACTOME_NEGATIVE_REGULATORS_OF_RIG_I_MDA5_SIGNALING	0	0	1	0	0	0
REACTOME_NEPHRIN_INTERACTIONS	24	0.125	1	5.22222	281	0.347914
REACTOME_NEP_NS2_INTERACTS_WITH_THE_CELLULAR_EXPORT_MACHINERY	0	0	1	0	0	0
REACTOME_NETRIN1_SIGNALING	50	0.1	1	2.38424	90	0.592648
REACTOME_NEURONAL_SYSTEM	374	0.0534759	0.266173	45.4643	271	0.970779
REACTOME_NEUROTRANSMITTER_RECEPTOR_BINDING_AND_DOWNSTREAM_TRANSMISSION_IN_THE_POSTSYNAPTIC_CELL	191	0.0994764	0.318971	43.0316	271	0.956793
REACTOME_NEUROTRANSMITTER_RELEASE_CYCLE	0	0	1	0	0	0
REACTOME_NFKB_ACTIVATION_THROUGH_FADD_RIP1_PATHWAY_MEDIATED_BY_CASPASE_8_AND10	0	0	1	0	0	0
REACTOME_NFKB_AND_MAP_KINASES_ACTIVATION_MEDIATED_BY_TLR4_SIGNALING_REPERTOIRE	95	0.0736842	1	16.9308	266	0.781578
REACTOME_NFKB_IS_ACTIVATED_AND_SIGNALS_SURVIVAL	12	0.0833333	1	5.03556	225	0.737215
REACTOME_NGF_SIGNALLING_VIA_TRKA_FROM_THE_PLASMA_MEMBRANE	182	0.208791	0.940518	43.8238	2	1.95352
REACTOME_NITRIC_OXIDE_STIMULATES_GUANYLATE_CYCLASE	37	0.0810811	0.518343	39.6713	145	2.96974
REACTOME_NOD1_2_SIGNALING_PATHWAY	36	0.0555556	1	6.26667	45	2.28555
REACTOME_NONSENSE_MEDIATED_DECAY_ENHANCED_BY_THE_EXON_JUNCTION_COMPLEX	0	0	1	0	0	0
REACTOME_NOREPINEPHRINE_NEUROTRANSMITTER_RELEASE_CYCLE	0	0	1	0	0	0
REACTOME_NOTCH1_INTRACELLULAR_DOMAIN_REGULATES_TRANSCRIPTION	58	0.0689655	1	16.684	234	1.17245
REACTOME_NOTCH_HLH_TRANSCRIPTION_PATHWAY	0	0	1	0	0	0
REACTOME_NRAGE_SIGNALS_DEATH_THROUGH_JNK	65	0.0307692	1	5.01136	265	0.452319
REACTOME_NRIF_SIGNALS_CELL_DEATH_FROM_THE_NUCLEUS	0	0	1	0	0	0
REACTOME_NUCLEAR_EVENTS_KINASE_AND_TRANSCRIPTION_FACTOR_ACTIVATION	32	0.09375	1	7.2803	266	0.548425
REACTOME_NUCLEAR_RECEPTOR_TRANSCRIPTION_PATHWAY	66	0.136364	0.466183	4.88889	48	1.95548
REACTOME_NUCLEAR_SIGNALING_BY_ERBB4	59	0.186441	0.039816	7.67442	0	8.45039
REACTOME_NUCLEOTIDE_BINDING_DOMAIN_LEUCINE_RICH_REPEAT_CONTAINING_RECEPTOR_NLR_SIGNALING_PATHWAYS	56	0.0892857	0.296057	8.41837	11	2.73595
REACTOME_NUCLEOTIDE_EXCISION_REPAIR	65	0.0307692	0.1317	69.3553	10	4.83485
REACTOME_NUCLEOTIDE_LIKE_PURINERGIC_RECEPTORS	0	0	1	0	0	0
REACTOME_N_GLYCAN_ANTENNAE_ELONGATION	0	0	1	0	0	0
REACTOME_N_GLYCAN_ANTENNAE_ELONGATION_IN_THE_MEDIAL_TRANS_GOLGI	0	0	1	0	0	0
REACTOME_N_GLYCAN_TRIMMING_IN_THE_ER_AND_CALNEXIN_CALRETICULIN_CYCLE	0	0	1	0	0	0
REACTOME_OLFACTORY_SIGNALING_PATHWAY	0	0	1	0	0	0
REACTOME_OPIOID_SIGNALLING	102	0.0392157	1	17.1878	232	1.20979
REACTOME_OPSINS	0	0	1	0	0	0
REACTOME_ORC1_REMOVAL_FROM_CHROMATIN	82	0.0609756	0.084551	17.3333	2	5.29851
REACTOME_ORGANIC_CATION_ANION_ZWITTERION_TRANSPORT	0	0	1	0	0	0
REACTOME_OTHER_SEMAPHORIN_INTERACTIONS	0	0	1	0	0	0
REACTOME_OXYGEN_DEPENDENT_PROLINE_HYDROXYLATION_OF_HYPOXIA_INDUCIBLE_FACTOR_ALPHA	22	0.0454545	1	5.25225	222	0.77825
REACTOME_O_LINKED_GLYCOSYLATION_OF_MUCINS	0	0	1	0	0	0
REACTOME_P130CAS_LINKAGE_TO_MAPK_SIGNALING_FOR_INTEGRINS	22	0.136364	1	0.798283	145	0
REACTOME_P2Y_RECEPTORS	0	0	1	0	0	0
REACTOME_P38MAPK_EVENTS	16	0.25	1	3.37255	155	0.927562
REACTOME_P53_DEPENDENT_G1_DNA_DAMAGE_RESPONSE	73	0.0684932	0.450384	40.25	2	5.29851
REACTOME_P53_INDEPENDENT_G1_S_DNA_DAMAGE_CHECKPOINT	60	0.0666667	0.990505	5.25	53	2.00693
REACTOME_P75NTR_RECRUITS_SIGNALLING_COMPLEXES	0	0	1	0	0	0
REACTOME_P75NTR_SIGNALS_VIA_NFKB	16	0.0625	1	5.03556	225	0.737215
REACTOME_P75_NTR_RECEPTOR_MEDIATED_SIGNALLING	113	0.0353982	1	9.85878	265	0.642219
REACTOME_PACKAGING_OF_TELOMERE_ENDS	29	0.0344828	1	1.88571	280	0.136293
REACTOME_PASSIVE_TRANSPORT_BY_AQUAPORINS	0	0	1	0	0	0
REACTOME_PD1_SIGNALING	23	0.0434783	1	11	164	1.73497
REACTOME_PECAM1_INTERACTIONS	14	0.357143	0.968276	30.802	206	1.84872
REACTOME_PEPTIDE_CHAIN_ELONGATION	0	0	1	0	0	0
REACTOME_PEPTIDE_HORMONE_BIOSYNTHESIS	13	0.0769231	1	7.40816	196	1.16794
REACTOME_PEPTIDE_LIGAND_BINDING_RECEPTORS	204	0.127451	1	3.07292	9	1.5753
REACTOME_PERK_REGULATED_GENE_EXPRESSION	34	0.0588235	1	1.13725	294	0.136705
REACTOME_PEROXISOMAL_LIPID_METABOLISM	28	0.0714286	1	2.47872	94	0.935427
REACTOME_PHASE1_FUNCTIONALIZATION_OF_COMPOUNDS	80	0.0125	1	7.40816	196	1.16794
REACTOME_PHASE_II_CONJUGATION	0	0	1	0	0	0
REACTOME_PHOSPHOLIPASE_C_MEDIATED_CASCADE	75	0.266667	0.703203	39.7326	3	2.40239
REACTOME_PHOSPHOLIPID_METABOLISM	236	0.0211864	0.937655	3.36364	72	0.975103
REACTOME_PHOSPHORYLATION_OF_CD3_AND_TCR_ZETA_CHAINS	21	0.047619	1	11	164	1.73497
REACTOME_PHOSPHORYLATION_OF_THE_APC_C	30	0.0666667	0.453925	10.6786	28	3.12587
REACTOME_PI3K_AKT_ACTIVATION	49	0.489796	0.93851	26.2909	2	2.70308
REACTOME_PI3K_CASCADE	98	0.336735	0.974095	5.888	5	2.20165
REACTOME_PI3K_EVENTS_IN_ERBB2_SIGNALING	65	0.461538	0.956788	21.2857	0	6.82545
REACTOME_PI3K_EVENTS_IN_ERBB4_SIGNALING	55	0.454545	0.68972	26.3478	0	7.1224
REACTOME_PIP3_ACTIVATES_AKT_SIGNALING	35	0.571429	0.92979	21.6129	2	2.99584
REACTOME_PI_3K_CASCADE	72	0.541667	0.822429	45.15	3	2.93348
REACTOME_PI_METABOLISM	62	0.0645161	1	2.50847	179	0.604929
REACTOME_PKA_MEDIATED_PHOSPHORYLATION_OF_CREB	28	0.0357143	1	6.68627	204	1.04149
REACTOME_PKB_MEDIATED_EVENTS	43	0.232558	1	3	5	2.76017
REACTOME_PLATELET_ACTIVATION_SIGNALING_AND_AGGREGATION	260	0.119231	1	1.81495	310	0.0496614
REACTOME_PLATELET_ADHESION_TO_EXPOSED_COLLAGEN	14	0.142857	1	12.4976	206	1.36219
REACTOME_PLATELET_AGGREGATION_PLUG_FORMATION	49	0.183673	1	1.30687	239	0.105623
REACTOME_PLATELET_CALCIUM_HOMEOSTASIS	0	0	1	0	0	0
REACTOME_PLATELET_HOMEOSTASIS	101	0.029703	0.518343	39.6713	145	2.96974
REACTOME_PLATELET_SENSITIZATION_BY_LDL	0	0	1	0	0	0
REACTOME_PLC_BETA_MEDIATED_EVENTS	60	0.05	1	12.9391	232	1.08901
REACTOME_POL_SWITCHING	0	0	1	0	0	0
REACTOME_POST_CHAPERONIN_TUBULIN_FOLDING_PATHWAY	0	0	1	0	0	0
REACTOME_POST_NMDA_RECEPTOR_ACTIVATION_EVENTS	55	0.145455	0.928097	21.3661	261	0.912989
REACTOME_POST_TRANSLATIONAL_MODIFICATION_SYNTHESIS_OF_GPI_ANCHORED_PROTEINS	0	0	1	0	0	0
REACTOME_POST_TRANSLATIONAL_PROTEIN_MODIFICATION	0	0	1	0	0	0
REACTOME_POTASSIUM_CHANNELS	119	0.0336134	0.590482	35.5805	14	2.76554
REACTOME_PPARA_ACTIVATES_GENE_EXPRESSION	141	0.0921986	1	1.6835	69	0.593863
REACTOME_PREFOLDIN_MEDIATED_TRANSFER_OF_SUBSTRATE_TO_CCT_TRIC	0	0	1	0	0	0
REACTOME_PRESYNAPTIC_NICOTINIC_ACETYLCHOLINE_RECEPTORS	17	0.176471	0.239099	9.64286	150	2.84032
REACTOME_PRE_NOTCH_EXPRESSION_AND_PROCESSING	54	0.0555556	1	3.66957	116	1.2143
REACTOME_PRE_NOTCH_PROCESSING_IN_GOLGI	0	0	1	0	0	0
REACTOME_PRE_NOTCH_TRANSCRIPTION_AND_TRANSLATION	36	0.0833333	1	3.66957	116	1.2143
REACTOME_PROCESSING_OF_CAPPED_INTRONLESS_PRE_MRNA	0	0	1	0	0	0
REACTOME_PROCESSING_OF_CAPPED_INTRON_CONTAINING_PRE_MRNA	174	0.0114943	1	3.67143	70	1.47712
REACTOME_PROCESSING_OF_INTRONLESS_PRE_MRNAS	0	0	1	0	0	0
REACTOME_PROCESSIVE_SYNTHESIS_ON_THE_LAGGING_STRAND	19	0.105263	0.1317	69.3553	10	4.83485
REACTOME_PROLACTIN_RECEPTOR_SIGNALING	17	0.117647	1	7.73222	240	0.798263
REACTOME_PROLONGED_ERK_ACTIVATION_EVENTS	31	0.258065	1	14.5919	279	0.587705
REACTOME_PROSTACYCLIN_SIGNALLING_THROUGH_PROSTACYCLIN_RECEPTOR	0	0	1	0	0	0
REACTOME_PROSTANOID_LIGAND_RECEPTORS	10	0.1	1	1.97842	278	0.152589
REACTOME_PROTEIN_FOLDING	0	0	1	0	0	0
REACTOME_PROTEOLYTIC_CLEAVAGE_OF_SNARE_COMPLEX_PROTEINS	0	0	1	0	0	0
REACTOME_PTM_GAMMA_CARBOXYLATION_HYPUSINE_FORMATION_AND_ARYLSULFATASE_ACTIVATION	0	0	1	0	0	0
REACTOME_PURINE_CATABOLISM	0	0	1	0	0	0
REACTOME_PURINE_METABOLISM	0	0	1	0	0	0
REACTOME_PURINE_RIBONUCLEOSIDE_MONOPHOSPHATE_BIOSYNTHESIS	0	0	1	0	0	0
REACTOME_PURINE_SALVAGE	0	0	1	0	0	0
REACTOME_PYRIMIDINE_CATABOLISM	0	0	1	0	0	0
REACTOME_PYRIMIDINE_METABOLISM	0	0	1	0	0	0
REACTOME_PYRUVATE_METABOLISM	23	0.0434783	1	1.18919	296	0.0250738
REACTOME_PYRUVATE_METABOLISM_AND_CITRIC_ACID_TCA_CYCLE	55	0.0181818	1	1.18919	296	0.0250738
REACTOME_RAF_MAP_KINASE_CASCADE	20	0.3	1	10.9088	28	0.983774
REACTOME_RAP1_SIGNALLING	0	0	1	0	0	0
REACTOME_RAS_ACTIVATION_UOPN_CA2_INFUX_THROUGH_NMDA_RECEPTOR	29	0.172414	0.571317	5.96923	85	1.57437
REACTOME_RECEPTOR_LIGAND_BINDING_INITIATES_THE_SECOND_PROTEOLYTIC_CLEAVAGE_OF_NOTCH_RECEPTOR	0	0	1	0	0	0
REACTOME_RECRUITMENT_OF_MITOTIC_CENTROSOME_PROTEINS_AND_COMPLEXES	83	0.0361446	1	5.32143	28	2.20655
REACTOME_RECRUITMENT_OF_NUMA_TO_MITOTIC_CENTROSOMES	14	0.142857	0.453925	10.6786	28	3.12587
REACTOME_RECYCLING_OF_BILE_ACIDS_AND_SALTS	0	0	1	0	0	0
REACTOME_RECYCLING_PATHWAY_OF_L1	38	0.0789474	1	0.822511	311	0.0421384
REACTOME_REGULATED_PROTEOLYSIS_OF_P75NTR	0	0	1	0	0	0
REACTOME_REGULATION_OF_AMPK_ACTIVITY_VIA_LKB1	21	0.0952381	1	5.67347	49	2.13126
REACTOME_REGULATION_OF_APOPTOSIS	67	0.0149254	1	1.10738	298	0.0138655
REACTOME_REGULATION_OF_BETA_CELL_DEVELOPMENT	34	0.235294	0.978267	2.0027	18	1.19664
REACTOME_REGULATION_OF_COMPLEMENT_CASCADE	0	0	1	0	0	0
REACTOME_REGULATION_OF_GENE_EXPRESSION_IN_BETA_CELLS	23	0.304348	1	2.81481	18	1.41135
REACTOME_REGULATION_OF_GLUCOKINASE_BY_GLUCOKINASE_REGULATORY_PROTEIN	32	0.0625	0.821225	3.60563	71	1.45096
REACTOME_REGULATION_OF_HYPOXIA_INDUCIBLE_FACTOR_HIF_BY_OXYGEN	32	0.0625	1	10.0724	222	1.08377
REACTOME_REGULATION_OF_IFNA_SIGNALING	22	0.181818	1	2.38674	183	0.556949
REACTOME_REGULATION_OF_IFNG_SIGNALING	17	0.294118	0.821274	21.793	231	1.32428
REACTOME_REGULATION_OF_INSULIN_LIKE_GROWTH_FACTOR_IGF_ACTIVITY_BY_INSULIN_LIKE_GROWTH_FACTOR_BINDING_PROTEINS_IGFBPS	21	0.0952381	1	5.20992	263	0.4777
REACTOME_REGULATION_OF_INSULIN_SECRETION	122	0.0245902	1	16.6698	214	1.41886
REACTOME_REGULATION_OF_INSULIN_SECRETION_BY_ACETYLCHOLINE	0	0	1	0	0	0
REACTOME_REGULATION_OF_INSULIN_SECRETION_BY_GLUCAGON_LIKE_PEPTIDE1	0	0	1	0	0	0
REACTOME_REGULATION_OF_KIT_SIGNALING	24	0.291667	1	27.1202	239	1.30248
REACTOME_REGULATION_OF_MITOTIC_CELL_CYCLE	107	0.046729	0.119624	12	156	3.07654
REACTOME_REGULATION_OF_MRNA_STABILITY_BY_PROTEINS_THAT_BIND_AU_RICH_ELEMENTS	100	0.01	1	1.48443	289	0.0692897
REACTOME_REGULATION_OF_ORNITHINE_DECARBOXYLASE_ODC	0	0	1	0	0	0
REACTOME_REGULATION_OF_PYRUVATE_DEHYDROGENASE_PDH_COMPLEX	15	0.0666667	1	1.18919	296	0.0250738
REACTOME_REGULATION_OF_RHEB_GTPASE_ACTIVITY_BY_AMPK	15	0.2	1	2.17213	61	0.911616
REACTOME_REGULATION_OF_SIGNALING_BY_CBL	26	0.307692	1	2.85526	281	0.553883
REACTOME_REGULATION_OF_THE_FANCONI_ANEMIA_PATHWAY	8	0.25	1	1.68033	122	0.471093
REACTOME_REGULATION_OF_WATER_BALANCE_BY_RENAL_AQUAPORINS	0	0	1	0	0	0
REACTOME_REGULATORY_RNA_PATHWAYS	0	0	1	0	0	0
REACTOME_REMOVAL_OF_THE_FLAP_INTERMEDIATE_FROM_THE_C_STRAND	12	0.166667	0.1317	69.3553	10	4.83485
REACTOME_REPAIR_SYNTHESIS_FOR_GAP_FILLING_BY_DNA_POL_IN_TC_NER	18	0.111111	0.1317	69.3553	10	4.83485
REACTOME_RESOLUTION_OF_AP_SITES_VIA_THE_MULTIPLE_NUCLEOTIDE_PATCH_REPLACEMENT_PATHWAY	0	0	1	0	0	0
REACTOME_RESOLUTION_OF_AP_SITES_VIA_THE_SINGLE_NUCLEOTIDE_REPLACEMENT_PATHWAY	0	0	1	0	0	0
REACTOME_RESPIRATORY_ELECTRON_TRANSPORT	0	0	1	0	0	0
REACTOME_RESPIRATORY_ELECTRON_TRANSPORT_ATP_SYNTHESIS_BY_CHEMIOSMOTIC_COUPLING_AND_HEAT_PRODUCTION_BY_UNCOUPLING_PROTEINS_	0	0	1	0	0	0
REACTOME_RESPONSE_TO_ELEVATED_PLATELET_CYTOSOLIC_CA2_	99	0.10101	1	6.03987	310	0.149835
REACTOME_RETROGRADE_NEUROTROPHIN_SIGNALLING	0	0	1	0	0	0
REACTOME_REVERSIBLE_HYDRATION_OF_CARBON_DIOXIDE	0	0	1	0	0	0
REACTOME_RIG_I_MDA5_MEDIATED_INDUCTION_OF_IFN_ALPHA_BETA_PATHWAYS	88	0.0113636	1	5.03556	225	0.737215
REACTOME_RIP_MEDIATED_NFKB_ACTIVATION_VIA_DAI	21	0.047619	1	5.03556	225	0.737215
REACTOME_RNA_POL_III_CHAIN_ELONGATION	0	0	1	0	0	0
REACTOME_RNA_POL_III_TRANSCRIPTION	44	0.0227273	1	6.34615	208	0.980461
REACTOME_RNA_POL_III_TRANSCRIPTION_INITIATION_FROM_TYPE_2_PROMOTER	30	0.0333333	1	6.34615	208	0.980461
REACTOME_RNA_POL_III_TRANSCRIPTION_INITIATION_FROM_TYPE_3_PROMOTER	31	0.0322581	1	6.34615	208	0.980461
REACTOME_RNA_POL_III_TRANSCRIPTION_TERMINATION	0	0	1	0	0	0
REACTOME_RNA_POL_II_PRE_TRANSCRIPTION_EVENTS	65	0.2	0.976471	1.98433	123	0.619035
REACTOME_RNA_POL_II_TRANSCRIPTION	122	0.106557	0.976471	1.98433	123	0.619035
REACTOME_RNA_POL_II_TRANSCRIPTION_PRE_INITIATION_AND_PROMOTER_OPENING	44	0.295455	0.976471	1.98433	123	0.619035
REACTOME_RNA_POL_I_PROMOTER_OPENING	28	0.0714286	1	3.6129	280	0.276002
REACTOME_RNA_POL_I_RNA_POL_III_AND_MITOCHONDRIAL_TRANSCRIPTION	104	0.0288462	1	5.35252	280	0.360458
REACTOME_RNA_POL_I_TRANSCRIPTION	61	0.0327869	1	3.6129	280	0.276002
REACTOME_RNA_POL_I_TRANSCRIPTION_INITIATION	0	0	1	0	0	0
REACTOME_RNA_POL_I_TRANSCRIPTION_TERMINATION	0	0	1	0	0	0
REACTOME_ROLE_OF_DCC_IN_REGULATING_APOPTOSIS	11	0.0909091	1	1.10738	298	0.0138655
REACTOME_ROLE_OF_SECOND_MESSENGERS_IN_NETRIN1_SIGNALING	12	0.0833333	0.358663	51.2069	58	4.67723
REACTOME_RORA_ACTIVATES_CIRCADIAN_EXPRESSION	33	0.181818	0.831074	25.0393	234	1.34159
REACTOME_SCFSKP2_MEDIATED_DEGRADATION_OF_P27_P21	66	0.0757576	0.084551	17.3333	2	5.29851
REACTOME_SCF_BETA_TRCP_MEDIATED_DEGRADATION_OF_EMI1	0	0	1	0	0	0
REACTOME_SEMA3A_PAK_DEPENDENT_AXON_REPULSION	16	0.1875	1	5.12069	29	2.14864
REACTOME_SEMA3A_PLEXIN_REPULSION_SIGNALING_BY_INHIBITING_INTEGRIN_ADHESION	14	0.142857	0.697235	10.2759	29	3.06491
REACTOME_SEMA4D_INDUCED_CELL_MIGRATION_AND_GROWTH_CONE_COLLAPSE	33	0.0909091	1	16.446	215	1.39976
REACTOME_SEMA4D_IN_SEMAPHORIN_SIGNALING	39	0.102564	0.970749	21.8538	215	1.54188
REACTOME_SEMAPHORIN_INTERACTIONS	79	0.0886076	1	3.2	29	0.685544
REACTOME_SEROTONIN_RECEPTORS	13	0.538462	1	1.4188	159	0.260774
REACTOME_SHC1_EVENTS_IN_EGFR_SIGNALING	27	0.407407	1	1.77778	310	0.157978
REACTOME_SHC1_EVENTS_IN_ERBB4_SIGNALING	41	0.317073	0.798257	289.667	0	8.17825
REACTOME_SHC_MEDIATED_CASCADE	38	0.605263	0.935549	44.0428	3	2.17873
REACTOME_SHC_MEDIATED_SIGNALLING	25	0.36	1	16.4539	279	0.614036
REACTOME_SHC_RELATED_EVENTS	27	0.37037	1	18.3296	279	0.637706
REACTOME_SIGNALING_BY_ACTIVATED_POINT_MUTANTS_OF_FGFR1	14	0.714286	1	19.2201	277	0.674032
REACTOME_SIGNALING_BY_BMP	0	0	1	0	0	0
REACTOME_SIGNALING_BY_CONSTITUTIVELY_ACTIVE_EGFR	23	0.521739	1	0.827206	57	0
REACTOME_SIGNALING_BY_EGFR_IN_CANCER	148	0.263514	0.955411	1.9771	2	1.91031
REACTOME_SIGNALING_BY_ERBB2	143	0.300699	0.967244	13.9024	0	6.22699
REACTOME_SIGNALING_BY_ERBB4	129	0.341085	0.955394	13.5238	0	6.18798
REACTOME_SIGNALING_BY_FGFR	151	0.337748	0.389707	61.8992	3	2.47107
REACTOME_SIGNALING_BY_FGFR1_FUSION_MUTANTS	23	0.173913	0.910578	4.06522	140	1.16234
REACTOME_SIGNALING_BY_FGFR1_MUTANTS	37	0.378378	1	24.7276	281	0.675217
REACTOME_SIGNALING_BY_FGFR3_MUTANTS	15	0.666667	0.935334	4.73684	217	0.76389
REACTOME_SIGNALING_BY_FGFR_IN_DISEASE	169	0.307692	0.349454	63.3684	3	2.43701
REACTOME_SIGNALING_BY_FGFR_MUTANTS	58	0.431034	0.866542	45.9027	3	2.04488
REACTOME_SIGNALING_BY_GPCR	1008	0.0664683	1	2.70899	0	5.44846
REACTOME_SIGNALING_BY_HIPPO	0	0	1	0	0	0
REACTOME_SIGNALING_BY_ILS	150	0.186667	1	44.3115	287	0.698248
REACTOME_SIGNALING_BY_INSULIN_RECEPTOR	150	0.28	0.683929	7.82573	5	1.79503
REACTOME_SIGNALING_BY_NODAL	20	0.05	1	1.65965	285	0.0977466
REACTOME_SIGNALING_BY_NOTCH	132	0.0530303	1	2.43668	234	0.371025
REACTOME_SIGNALING_BY_NOTCH1	90	0.0444444	1	16.684	234	1.17245
REACTOME_SIGNALING_BY_NOTCH2	0	0	1	0	0	0
REACTOME_SIGNALING_BY_NOTCH3	0	0	1	0	0	0
REACTOME_SIGNALING_BY_NOTCH4	0	0	1	0	0	0
REACTOME_SIGNALING_BY_PDGF	159	0.232704	0.936753	3.96958	2	1.99777
REACTOME_SIGNALING_BY_RHO_GTPASES	153	0.0261438	0.970749	3.63265	239	1.08072
REACTOME_SIGNALING_BY_ROBO_RECEPTOR	35	0.0571429	1	2.63333	90	1.01476
REACTOME_SIGNALING_BY_SCF_KIT	109	0.348624	0.927987	43.8238	2	1.95352
REACTOME_SIGNALING_BY_TGF_BETA_RECEPTOR_COMPLEX	79	0.0632911	1	1.61039	234	0.198492
REACTOME_SIGNALING_BY_THE_B_CELL_RECEPTOR_BCR	157	0.216561	0.946129	38.6189	2	2.13729
REACTOME_SIGNALING_BY_WNT	77	0.012987	1	9.85549	173	1.56518
REACTOME_SIGNALLING_BY_NGF	293	0.133106	0.955127	45.15	2	1.91031
REACTOME_SIGNALLING_TO_ERKS	50	0.24	1	22.1231	279	0.678949
REACTOME_SIGNALLING_TO_P38_VIA_RIT_AND_RIN	25	0.24	1	10.9088	28	0.983774
REACTOME_SIGNALLING_TO_RAS	39	0.25641	1	18.3296	279	0.637706
REACTOME_SIGNAL_AMPLIFICATION	36	0.0277778	0.893617	13.7123	146	2.10111
REACTOME_SIGNAL_ATTENUATION	17	0.411765	1	16.9308	266	0.781578
REACTOME_SIGNAL_REGULATORY_PROTEIN_SIRP_FAMILY_INTERACTIONS	14	0.142857	0.795537	26.3586	146	2.62552
REACTOME_SIGNAL_TRANSDUCTION_BY_L1	51	0.0980392	1	12.0687	29	1.22789
REACTOME_SLBP_DEPENDENT_PROCESSING_OF_REPLICATION_DEPENDENT_HISTONE_PRE_MRNAS	0	0	1	0	0	0
REACTOME_SLC_MEDIATED_TRANSMEMBRANE_TRANSPORT	298	0.0100671	1	15.1461	221	1.2871
REACTOME_SMAD2_SMAD3_SMAD4_HETEROTRIMER_REGULATES_TRANSCRIPTION	29	0.0344828	0.778116	17.4094	127	2.53071
REACTOME_SMOOTH_MUSCLE_CONTRACTION	37	0.0540541	0.910112	14.5803	194	1.58633
REACTOME_SOS_MEDIATED_SIGNALLING	25	0.36	1	16.4539	279	0.614036
REACTOME_SPHINGOLIPID_DE_NOVO_BIOSYNTHESIS	0	0	1	0	0	0
REACTOME_SPHINGOLIPID_METABOLISM	0	0	1	0	0	0
REACTOME_SPRY_REGULATION_OF_FGF_SIGNALING	17	0.294118	1	12.0687	266	0.688059
REACTOME_SRP_DEPENDENT_COTRANSLATIONAL_PROTEIN_TARGETING_TO_MEMBRANE	0	0	1	0	0	0
REACTOME_STEROID_HORMONES	32	0.0625	1	14.2154	196	1.54805
REACTOME_STRIATED_MUSCLE_CONTRACTION	46	0.0217391	1	3.03891	257	0.35093
REACTOME_SULFUR_AMINO_ACID_METABOLISM	0	0	1	0	0	0
REACTOME_SYNTHESIS_AND_INTERCONVERSION_OF_NUCLEOTIDE_DI_AND_TRIPHOSPHATES	0	0	1	0	0	0
REACTOME_SYNTHESIS_OF_BILE_ACIDS_AND_BILE_SALTS	0	0	1	0	0	0
REACTOME_SYNTHESIS_OF_BILE_ACIDS_AND_BILE_SALTS_VIA_24_HYDROXYCHOLESTEROL	0	0	1	0	0	0
REACTOME_SYNTHESIS_OF_BILE_ACIDS_AND_BILE_SALTS_VIA_7ALPHA_HYDROXYCHOLESTEROL	0	0	1	0	0	0
REACTOME_SYNTHESIS_OF_DNA	113	0.0707965	0.00641337	21.8077	2	4.48264
REACTOME_SYNTHESIS_OF_GLYCOSYLPHOSPHATIDYLINOSITOL_GPI	0	0	1	0	0	0
REACTOME_SYNTHESIS_OF_PA	0	0	1	0	0	0
REACTOME_SYNTHESIS_OF_PC	0	0	1	0	0	0
REACTOME_SYNTHESIS_OF_PE	0	0	1	0	0	0
REACTOME_SYNTHESIS_OF_PIPS_AT_THE_EARLY_ENDOSOME_MEMBRANE	0	0	1	0	0	0
REACTOME_SYNTHESIS_OF_PIPS_AT_THE_GOLGI_MEMBRANE	0	0	1	0	0	0
REACTOME_SYNTHESIS_OF_PIPS_AT_THE_LATE_ENDOSOME_MEMBRANE	0	0	1	0	0	0
REACTOME_SYNTHESIS_OF_PIPS_AT_THE_PLASMA_MEMBRANE	44	0.0909091	1	2.50847	179	0.604929
REACTOME_SYNTHESIS_OF_SUBSTRATES_IN_N_GLYCAN_BIOSYTHESIS	0	0	1	0	0	0
REACTOME_SYNTHESIS_OF_VERY_LONG_CHAIN_FATTY_ACYL_COAS	0	0	1	0	0	0
REACTOME_SYNTHESIS_SECRETION_AND_DEACYLATION_OF_GHRELIN	19	0.157895	1	16.6698	214	1.41886
REACTOME_SYNTHESIS_SECRETION_AND_INACTIVATION_OF_GIP	0	0	1	0	0	0
REACTOME_SYNTHESIS_SECRETION_AND_INACTIVATION_OF_GLP1	23	0.0869565	1	11.2394	214	1.22008
REACTOME_S_PHASE	139	0.0863309	0.0351011	8.4322	2	3.81643
REACTOME_TAK1_ACTIVATES_NFKB_BY_PHOSPHORYLATION_AND_ACTIVATION_OF_IKKS_COMPLEX	26	0.0384615	1	5.03556	225	0.737215
REACTOME_TANDEM_PORE_DOMAIN_POTASSIUM_CHANNELS	0	0	1	0	0	0
REACTOME_TCA_CYCLE_AND_RESPIRATORY_ELECTRON_TRANSPORT	154	0.00649351	1	1.18919	296	0.0250738
REACTOME_TCR_SIGNALING	64	0.09375	1	2.30769	281	0.492664
REACTOME_TELOMERE_MAINTENANCE	65	0.0615385	0.957532	10.5	10	3.28921
REACTOME_TERMINATION_OF_O_GLYCAN_BIOSYNTHESIS	0	0	1	0	0	0
REACTOME_TETRAHYDROBIOPTERIN_BH4_SYNTHESIS_RECYCLING_SALVAGE_AND_REGULATION	15	0.266667	1	1.25694	145	0.184515
REACTOME_TGF_BETA_RECEPTOR_SIGNALING_ACTIVATES_SMADS	31	0.0322581	1	0.490446	313	0
REACTOME_TGF_BETA_RECEPTOR_SIGNALING_IN_EMT_EPITHELIAL_TO_MESENCHYMAL_TRANSITION	20	0.1	1	1.19463	149	0.14037
REACTOME_THE_ACTIVATION_OF_ARYLSULFATASES	0	0	1	0	0	0
REACTOME_THE_NLRP3_INFLAMMASOME	13	0.153846	0.0767292	135.068	45	6.10949
REACTOME_THE_ROLE_OF_NEF_IN_HIV1_REPLICATION_AND_DISEASE_PATHOGENESIS	41	0.0487805	1	12.4976	206	1.36219
REACTOME_THROMBIN_SIGNALLING_THROUGH_PROTEINASE_ACTIVATED_RECEPTORS_PARS	40	0.075	1	7.2803	266	0.548425
REACTOME_THROMBOXANE_SIGNALLING_THROUGH_TP_RECEPTOR	0	0	1	0	0	0
REACTOME_TIE2_SIGNALING	20	0.4	1	13.8942	281	0.553883
REACTOME_TIGHT_JUNCTION_INTERACTIONS	0	0	1	0	0	0
REACTOME_TOLL_RECEPTOR_CASCADES	153	0.0522876	1	19.39	266	0.819046
REACTOME_TRAF3_DEPENDENT_IRF_ACTIVATION_PATHWAY	0	0	1	0	0	0
REACTOME_TRAF6_MEDIATED_INDUCTION_OF_NFKB_AND_MAP_KINASES_UPON_TLR7_8_OR_9_ACTIVATION	105	0.0666667	1	16.9308	266	0.781578
REACTOME_TRAF6_MEDIATED_INDUCTION_OF_TAK1_COMPLEX	0	0	1	0	0	0
REACTOME_TRAF6_MEDIATED_IRF7_ACTIVATION	0	0	1	0	0	0
REACTOME_TRAF6_MEDIATED_IRF7_ACTIVATION_IN_TLR7_8_OR_9_SIGNALING	0	0	1	0	0	0
REACTOME_TRAF6_MEDIATED_NFKB_ACTIVATION	24	0.0416667	1	5.03556	225	0.737215
REACTOME_TRAFFICKING_AND_PROCESSING_OF_ENDOSOMAL_TLR	14	0.0714286	0.632219	24.0291	103	3.15075
REACTOME_TRAFFICKING_OF_AMPA_RECEPTORS	0	0	1	0	0	0
REACTOME_TRAFFICKING_OF_GLUR2_CONTAINING_AMPA_RECEPTORS	0	0	1	0	0	0
REACTOME_TRANSCRIPTION	206	0.0728155	0.993865	1.47329	123	0.350038
REACTOME_TRANSCRIPTIONAL_ACTIVITY_OF_SMAD2_SMAD3_SMAD4_HETEROTRIMER	49	0.0612245	1	12.5603	234	1.05418
REACTOME_TRANSCRIPTIONAL_REGULATION_OF_WHITE_ADIPOCYTE_DIFFERENTIATION	95	0.136842	1	3.20833	8	1.64093
REACTOME_TRANSCRIPTION_COUPLED_NER_TC_NER	59	0.0338983	0.1317	69.3553	10	4.83485
REACTOME_TRANSFERRIN_ENDOCYTOSIS_AND_RECYCLING	0	0	1	0	0	0
REACTOME_TRANSLATION	176	0.0113636	0.144785	64.4	5	5.91767
REACTOME_TRANSLOCATION_OF_ZAP_70_TO_IMMUNOLOGICAL_SYNAPSE	18	0.0555556	1	11	164	1.73497
REACTOME_TRANSMEMBRANE_TRANSPORT_OF_SMALL_MOLECULES	519	0.00963391	0.671421	5.15753	75	1.82716
REACTOME_TRANSMISSION_ACROSS_CHEMICAL_SYNAPSES	261	0.0727969	0.318971	43.0316	271	0.956793
REACTOME_TRANSPORT_OF_GLUCOSE_AND_OTHER_SUGARS_BILE_SALTS_AND_ORGANIC_ACIDS_METAL_IONS_AND_AMINE_COMPOUNDS	111	0.00900901	1	5.32579	221	0.792108
REACTOME_TRANSPORT_OF_INORGANIC_CATIONS_ANIONS_AND_AMINO_ACIDS_OLIGOPEPTIDES	0	0	1	0	0	0
REACTOME_TRANSPORT_OF_MATURE_MRNA_DERIVED_FROM_AN_INTRONLESS_TRANSCRIPT	42	0.0238095	1	2.51311	267	0.250539
REACTOME_TRANSPORT_OF_MATURE_TRANSCRIPT_TO_CYTOPLASM	68	0.0147059	1	2.51311	267	0.250539
REACTOME_TRANSPORT_OF_ORGANIC_ANIONS	0	0	1	0	0	0
REACTOME_TRANSPORT_OF_RIBONUCLEOPROTEINS_INTO_THE_HOST_NUCLEUS	0	0	1	0	0	0
REACTOME_TRANSPORT_OF_VITAMINS_NUCLEOSIDES_AND_RELATED_MOLECULES	0	0	1	0	0	0
REACTOME_TRANSPORT_TO_THE_GOLGI_AND_SUBSEQUENT_MODIFICATION	0	0	1	0	0	0
REACTOME_TRANS_GOLGI_NETWORK_VESICLE_BUDDING	0	0	1	0	0	0
REACTOME_TRIF_MEDIATED_TLR3_SIGNALING	101	0.0693069	1	16.9308	266	0.781578
REACTOME_TRIGLYCERIDE_BIOSYNTHESIS	0	0	1	0	0	0
REACTOME_TRNA_AMINOACYLATION	0	0	1	0	0	0
REACTOME_TRYPTOPHAN_CATABOLISM	0	0	1	0	0	0
REACTOME_UNBLOCKING_OF_NMDA_RECEPTOR_GLUTAMATE_BINDING_AND_ACTIVATION	26	0.115385	0.867192	6.04938	82	1.94956
REACTOME_UNFOLDED_PROTEIN_RESPONSE	94	0.0319149	1	1.52432	186	0.264341
REACTOME_UNWINDING_OF_DNA	15	0.0666667	0.370821	49.1333	60	4.59396
REACTOME_VEGF_LIGAND_RECEPTOR_INTERACTIONS	11	0.727273	0.449491	6.53333	29	2.46914
REACTOME_VIF_MEDIATED_DEGRADATION_OF_APOBEC3G	0	0	1	0	0	0
REACTOME_VIRAL_MESSENGER_RNA_SYNTHESIS	17	0.0588235	0.431611	40.5429	70	4.20491
REACTOME_VITAMIN_B5_PANTOTHENATE_METABOLISM	0	0	1	0	0	0
REACTOME_VOLTAGE_GATED_POTASSIUM_CHANNELS	0	0	1	0	0	0
REACTOME_XENOBIOTICS	0	0	1	0	0	0
REACTOME_YAP1_AND_WWTR1_TAZ_STIMULATED_GENE_EXPRESSION	32	0.125	0.882411	27.6856	197	1.92225
REACTOME_ZINC_TRANSPORTERS	0	0	1	0	0	0